~~~Begin~~~~
49,1,0,45,0,1,84,102,228,103,0,41,31,103,0,0,0,3,8,8,74,1,112,255,31,128,32,202,133,181,110,105,14,252,255,63,5,0,0,0,0,1,67,0,0,
001100010000000100000000001011010000000000000001010101000110011011100100011001110000000000101001000111110110011100000000000000000000000000000011000010000000100001001010000000010111000011111111000111111000000000100000110010101000010110110101011011100110100100001110111111001111111100111111000001010000000000000000000000000000000000000001010000110000000000000000
~~~End~~~


~~~Begin~~~~
48,1,0,38,0,1,4,102,231,246,2,0,0,28,1,30,2,90,0,0,0,0,0,0,140,143,84,102,231,246,0,0,0,0,0,0,0,0,
0011000000000001000000000010011000000000000000010000010001100110111001111111011000000010000000000000000000011100000000010001111000000010010110100000000000000000000000000000000000000000000000001000110010001111010101000110011011100111111101100000000000000000000000000000000000000000000000000000000000000000
~~~End~~~


~~~Begin~~~~
48,1,0,28,0,1,4,102,231,246,12,0,0,18,0,30,2,91,2,0,0,0,0,0,0,0,0,1,
00110000000000010000000000011100000000000000000100000100011001101110011111110110000011000000000000000000000100100000000000011110000000100101101100000010000000000000000000000000000000000000000000000000000000000000000000000001
~~~End~~~


~~~Begin~~~~
48,1,0,35,0,1,4,102,231,246,13,0,0,25,0,30,2,92,2,0,0,0,0,0,0,3,0,0,0,1,0,5,96,128,128,
0011000000000001000000000010001100000000000000010000010001100110111001111111011000001101000000000000000000011001000000000001111000000010010111000000001000000000000000000000000000000000000000000000000000000011000000000000000000000000000000010000000000000101011000001000000010000000
~~~End~~~


~~~Begin~~~~
48,1,0,24,0,1,4,102,231,246,11,0,0,14,0,30,2,93,2,0,0,0,0,0,
001100000000000100000000000110000000000000000001000001000110011011100111111101100000101100000000000000000000111000000000000111100000001001011101000000100000000000000000000000000000000000000000
~~~End~~~


~~~Begin~~~~
49,1,0,45,0,1,84,102,232,103,0,41,31,104,0,0,0,3,8,8,74,1,112,255,31,128,32,202,133,181,110,105,14,252,255,63,5,0,0,0,0,1,67,0,0,
001100010000000100000000001011010000000000000001010101000110011011101000011001110000000000101001000111110110100000000000000000000000000000000011000010000000100001001010000000010111000011111111000111111000000000100000110010101000010110110101011011100110100100001110111111001111111100111111000001010000000000000000000000000000000000000001010000110000000000000000
~~~End~~~


~~~Begin~~~~
49,1,0,45,0,1,84,102,236,103,0,41,31,105,0,0,0,3,8,8,74,1,112,255,31,128,32,202,133,181,110,105,14,252,255,63,5,0,0,0,0,1,67,0,0,
001100010000000100000000001011010000000000000001010101000110011011101100011001110000000000101001000111110110100100000000000000000000000000000011000010000000100001001010000000010111000011111111000111111000000000100000110010101000010110110101011011100110100100001110111111001111111100111111000001010000000000000000000000000000000000000001010000110000000000000000
~~~End~~~


~~~Begin~~~~
49,1,0,45,0,1,84,102,240,104,0,41,31,106,0,0,0,3,8,8,74,1,112,255,31,128,32,202,133,181,110,105,14,252,255,63,5,0,0,0,0,1,67,0,0,
001100010000000100000000001011010000000000000001010101000110011011110000011010000000000000101001000111110110101000000000000000000000000000000011000010000000100001001010000000010111000011111111000111111000000000100000110010101000010110110101011011100110100100001110111111001111111100111111000001010000000000000000000000000000000000000001010000110000000000000000
~~~End~~~


~~~Begin~~~~
49,1,0,45,0,1,84,102,244,104,0,41,31,107,0,0,0,3,8,8,74,1,112,255,31,128,32,202,133,181,110,105,14,252,255,63,5,0,0,0,0,1,67,0,0,
001100010000000100000000001011010000000000000001010101000110011011110100011010000000000000101001000111110110101100000000000000000000000000000011000010000000100001001010000000010111000011111111000111111000000000100000110010101000010110110101011011100110100100001110111111001111111100111111000001010000000000000000000000000000000000000001010000110000000000000000
~~~End~~~


~~~Begin~~~~
49,1,0,45,0,1,84,102,248,104,0,41,31,108,0,0,0,3,8,8,74,1,112,255,31,128,32,202,133,181,110,105,14,252,255,63,5,0,0,0,0,1,67,0,0,
001100010000000100000000001011010000000000000001010101000110011011111000011010000000000000101001000111110110110000000000000000000000000000000011000010000000100001001010000000010111000011111111000111111000000000100000110010101000010110110101011011100110100100001110111111001111111100111111000001010000000000000000000000000000000000000001010000110000000000000000
~~~End~~~


~~~Begin~~~~
49,1,0,45,0,1,84,102,252,104,0,41,31,109,0,0,0,3,8,8,74,1,112,255,31,128,32,202,133,181,110,105,14,252,255,63,5,0,0,0,0,1,67,0,0,
001100010000000100000000001011010000000000000001010101000110011011111100011010000000000000101001000111110110110100000000000000000000000000000011000010000000100001001010000000010111000011111111000111111000000000100000110010101000010110110101011011100110100100001110111111001111111100111111000001010000000000000000000000000000000000000001010000110000000000000000
~~~End~~~


~~~Begin~~~~
49,1,0,45,0,1,84,103,0,104,0,41,31,110,0,0,0,3,8,8,74,1,112,255,31,128,32,202,133,181,110,105,14,252,255,63,5,0,0,0,0,1,67,0,0,
001100010000000100000000001011010000000000000001010101000110011100000000011010000000000000101001000111110110111000000000000000000000000000000011000010000000100001001010000000010111000011111111000111111000000000100000110010101000010110110101011011100110100100001110111111001111111100111111000001010000000000000000000000000000000000000001010000110000000000000000
~~~End~~~


~~~Begin~~~~
49,1,0,45,0,1,84,103,4,104,0,41,31,111,0,0,0,3,8,8,74,1,112,255,31,128,32,202,133,181,110,105,14,252,255,63,5,0,0,0,0,1,67,0,0,
001100010000000100000000001011010000000000000001010101000110011100000100011010000000000000101001000111110110111100000000000000000000000000000011000010000000100001001010000000010111000011111111000111111000000000100000110010101000010110110101011011100110100100001110111111001111111100111111000001010000000000000000000000000000000000000001010000110000000000000000
~~~End~~~


~~~Begin~~~~
49,1,0,45,0,1,84,103,8,105,0,41,31,112,0,0,0,3,8,8,74,1,112,255,31,128,32,202,133,181,110,105,14,252,255,63,5,0,0,0,0,1,67,0,0,
001100010000000100000000001011010000000000000001010101000110011100001000011010010000000000101001000111110111000000000000000000000000000000000011000010000000100001001010000000010111000011111111000111111000000000100000110010101000010110110101011011100110100100001110111111001111111100111111000001010000000000000000000000000000000000000001010000110000000000000000
~~~End~~~


~~~Begin~~~~
49,1,0,45,0,1,84,103,12,106,0,41,31,113,0,0,0,3,8,8,74,1,112,255,31,128,32,202,133,181,110,105,14,252,255,63,5,0,0,0,0,1,67,0,0,
001100010000000100000000001011010000000000000001010101000110011100001100011010100000000000101001000111110111000100000000000000000000000000000011000010000000100001001010000000010111000011111111000111111000000000100000110010101000010110110101011011100110100100001110111111001111111100111111000001010000000000000000000000000000000000000001010000110000000000000000
~~~End~~~


~~~Begin~~~~
49,1,0,45,0,1,84,103,16,90,0,41,31,114,0,0,0,3,8,8,74,1,112,255,31,128,32,202,133,181,110,105,14,252,255,63,5,0,0,0,0,1,67,0,0,
001100010000000100000000001011010000000000000001010101000110011100010000010110100000000000101001000111110111001000000000000000000000000000000011000010000000100001001010000000010111000011111111000111111000000000100000110010101000010110110101011011100110100100001110111111001111111100111111000001010000000000000000000000000000000000000001010000110000000000000000
~~~End~~~


~~~Begin~~~~
49,1,0,45,0,1,84,103,20,90,0,41,31,115,0,0,0,3,8,8,74,1,112,255,31,128,32,202,133,181,110,105,14,252,255,63,5,0,0,0,0,1,67,0,0,
001100010000000100000000001011010000000000000001010101000110011100010100010110100000000000101001000111110111001100000000000000000000000000000011000010000000100001001010000000010111000011111111000111111000000000100000110010101000010110110101011011100110100100001110111111001111111100111111000001010000000000000000000000000000000000000001010000110000000000000000
~~~End~~~


~~~Begin~~~~
49,1,0,45,0,1,84,103,24,90,0,41,31,116,0,0,0,3,8,8,74,1,112,255,31,128,32,202,133,181,110,105,14,252,255,63,5,0,0,0,0,1,67,0,0,
001100010000000100000000001011010000000000000001010101000110011100011000010110100000000000101001000111110111010000000000000000000000000000000011000010000000100001001010000000010111000011111111000111111000000000100000110010101000010110110101011011100110100100001110111111001111111100111111000001010000000000000000000000000000000000000001010000110000000000000000
~~~End~~~


~~~Begin~~~~
49,1,0,45,0,1,84,103,28,90,0,41,31,117,0,0,0,3,8,8,74,1,112,255,31,128,32,202,133,181,110,105,14,252,255,63,5,0,0,0,0,1,67,0,0,
001100010000000100000000001011010000000000000001010101000110011100011100010110100000000000101001000111110111010100000000000000000000000000000011000010000000100001001010000000010111000011111111000111111000000000100000110010101000010110110101011011100110100100001110111111001111111100111111000001010000000000000000000000000000000000000001010000110000000000000000
~~~End~~~


~~~Begin~~~~
49,1,0,45,0,1,84,103,32,90,0,41,31,118,0,0,0,3,8,8,74,1,112,255,31,128,32,202,133,181,110,105,14,252,255,63,5,0,0,0,0,1,67,0,0,
001100010000000100000000001011010000000000000001010101000110011100100000010110100000000000101001000111110111011000000000000000000000000000000011000010000000100001001010000000010111000011111111000111111000000000100000110010101000010110110101011011100110100100001110111111001111111100111111000001010000000000000000000000000000000000000001010000110000000000000000
~~~End~~~


~~~Begin~~~~
49,1,0,45,0,1,84,103,36,90,0,41,31,119,0,0,0,3,8,8,74,1,112,255,31,128,32,202,133,181,110,105,14,252,255,63,5,0,0,0,0,1,67,0,0,
001100010000000100000000001011010000000000000001010101000110011100100100010110100000000000101001000111110111011100000000000000000000000000000011000010000000100001001010000000010111000011111111000111111000000000100000110010101000010110110101011011100110100100001110111111001111111100111111000001010000000000000000000000000000000000000001010000110000000000000000
~~~End~~~


~~~Begin~~~~
49,1,0,45,0,1,84,103,40,90,0,41,31,120,0,0,0,3,8,8,74,1,112,255,31,128,32,202,133,181,110,105,14,252,255,63,5,0,0,0,0,1,67,0,0,
001100010000000100000000001011010000000000000001010101000110011100101000010110100000000000101001000111110111100000000000000000000000000000000011000010000000100001001010000000010111000011111111000111111000000000100000110010101000010110110101011011100110100100001110111111001111111100111111000001010000000000000000000000000000000000000001010000110000000000000000
~~~End~~~


~~~Begin~~~~
49,1,0,45,0,1,84,103,44,90,0,41,31,121,0,0,0,3,8,8,74,1,112,255,31,128,32,202,133,181,110,105,14,252,255,63,5,0,0,0,0,1,67,0,0,
001100010000000100000000001011010000000000000001010101000110011100101100010110100000000000101001000111110111100100000000000000000000000000000011000010000000100001001010000000010111000011111111000111111000000000100000110010101000010110110101011011100110100100001110111111001111111100111111000001010000000000000000000000000000000000000001010000110000000000000000
~~~End~~~


~~~Begin~~~~
49,1,0,45,0,1,84,103,48,90,0,41,31,122,0,0,0,3,8,8,74,1,112,255,31,128,32,202,133,181,110,105,14,252,255,63,5,0,0,0,0,1,67,0,0,
001100010000000100000000001011010000000000000001010101000110011100110000010110100000000000101001000111110111101000000000000000000000000000000011000010000000100001001010000000010111000011111111000111111000000000100000110010101000010110110101011011100110100100001110111111001111111100111111000001010000000000000000000000000000000000000001010000110000000000000000
~~~End~~~


~~~Begin~~~~
49,1,0,45,0,1,84,103,52,90,0,41,31,123,0,0,0,3,8,8,74,1,112,255,31,128,32,202,133,181,110,105,14,252,255,63,5,0,0,0,0,1,67,0,0,
001100010000000100000000001011010000000000000001010101000110011100110100010110100000000000101001000111110111101100000000000000000000000000000011000010000000100001001010000000010111000011111111000111111000000000100000110010101000010110110101011011100110100100001110111111001111111100111111000001010000000000000000000000000000000000000001010000110000000000000000
~~~End~~~


~~~Begin~~~~
48,1,0,38,0,1,4,103,55,249,2,0,0,28,1,30,2,94,0,0,0,0,0,0,140,143,84,103,55,249,0,0,0,0,0,0,0,0,
0011000000000001000000000010011000000000000000010000010001100111001101111111100100000010000000000000000000011100000000010001111000000010010111100000000000000000000000000000000000000000000000001000110010001111010101000110011100110111111110010000000000000000000000000000000000000000000000000000000000000000
~~~End~~~


~~~Begin~~~~
49,1,0,45,0,1,84,103,56,90,0,41,31,124,0,0,0,3,8,8,74,1,112,255,31,128,32,202,133,181,110,105,14,252,255,63,5,0,0,0,0,1,67,0,0,
001100010000000100000000001011010000000000000001010101000110011100111000010110100000000000101001000111110111110000000000000000000000000000000011000010000000100001001010000000010111000011111111000111111000000000100000110010101000010110110101011011100110100100001110111111001111111100111111000001010000000000000000000000000000000000000001010000110000000000000000
~~~End~~~


~~~Begin~~~~
49,1,0,45,0,1,84,103,60,90,0,41,31,125,0,0,0,3,8,8,74,1,112,255,31,128,32,202,133,181,110,105,14,252,255,63,5,0,0,0,0,1,67,0,0,
001100010000000100000000001011010000000000000001010101000110011100111100010110100000000000101001000111110111110100000000000000000000000000000011000010000000100001001010000000010111000011111111000111111000000000100000110010101000010110110101011011100110100100001110111111001111111100111111000001010000000000000000000000000000000000000001010000110000000000000000
~~~End~~~


~~~Begin~~~~
49,1,0,45,0,1,84,103,64,90,0,41,31,126,0,0,0,3,8,8,74,1,112,255,31,128,32,202,133,181,110,105,14,252,255,63,5,0,0,0,0,1,67,0,0,
001100010000000100000000001011010000000000000001010101000110011101000000010110100000000000101001000111110111111000000000000000000000000000000011000010000000100001001010000000010111000011111111000111111000000000100000110010101000010110110101011011100110100100001110111111001111111100111111000001010000000000000000000000000000000000000001010000110000000000000000
~~~End~~~


~~~Begin~~~~
49,1,0,45,0,1,84,103,68,90,0,41,31,127,0,0,0,3,8,8,74,1,112,255,31,128,32,202,133,181,110,105,14,252,255,63,5,0,0,0,0,1,67,0,0,
001100010000000100000000001011010000000000000001010101000110011101000100010110100000000000101001000111110111111100000000000000000000000000000011000010000000100001001010000000010111000011111111000111111000000000100000110010101000010110110101011011100110100100001110111111001111111100111111000001010000000000000000000000000000000000000001010000110000000000000000
~~~End~~~


~~~Begin~~~~
49,1,0,45,0,1,84,103,72,90,0,41,31,128,0,0,0,3,8,8,74,1,112,255,31,128,32,202,133,181,110,105,14,252,255,63,5,0,0,0,0,1,67,0,0,
001100010000000100000000001011010000000000000001010101000110011101001000010110100000000000101001000111111000000000000000000000000000000000000011000010000000100001001010000000010111000011111111000111111000000000100000110010101000010110110101011011100110100100001110111111001111111100111111000001010000000000000000000000000000000000000001010000110000000000000000
~~~End~~~


~~~Begin~~~~
49,1,0,45,0,1,84,103,76,106,0,41,31,129,0,0,0,3,8,8,74,1,112,255,31,128,32,202,133,181,110,105,14,252,255,63,5,0,0,0,0,1,67,0,0,
001100010000000100000000001011010000000000000001010101000110011101001100011010100000000000101001000111111000000100000000000000000000000000000011000010000000100001001010000000010111000011111111000111111000000000100000110010101000010110110101011011100110100100001110111111001111111100111111000001010000000000000000000000000000000000000001010000110000000000000000
~~~End~~~


~~~Begin~~~~
49,1,0,45,0,1,84,103,80,91,0,41,31,130,0,0,0,3,8,8,74,1,112,255,31,128,32,202,133,181,110,105,14,252,255,63,5,0,0,0,0,1,67,0,0,
001100010000000100000000001011010000000000000001010101000110011101010000010110110000000000101001000111111000001000000000000000000000000000000011000010000000100001001010000000010111000011111111000111111000000000100000110010101000010110110101011011100110100100001110111111001111111100111111000001010000000000000000000000000000000000000001010000110000000000000000
~~~End~~~


~~~Begin~~~~
49,1,0,45,0,1,84,103,84,91,0,41,31,131,0,0,0,3,8,8,74,1,112,255,31,128,32,202,133,181,110,105,14,252,255,63,5,0,0,0,0,1,67,0,0,
001100010000000100000000001011010000000000000001010101000110011101010100010110110000000000101001000111111000001100000000000000000000000000000011000010000000100001001010000000010111000011111111000111111000000000100000110010101000010110110101011011100110100100001110111111001111111100111111000001010000000000000000000000000000000000000001010000110000000000000000
~~~End~~~


~~~Begin~~~~
49,1,0,45,0,1,84,103,88,91,0,41,31,132,0,0,0,3,8,8,74,1,112,255,31,128,32,202,133,181,110,105,14,252,255,63,5,0,0,0,0,1,67,0,0,
001100010000000100000000001011010000000000000001010101000110011101011000010110110000000000101001000111111000010000000000000000000000000000000011000010000000100001001010000000010111000011111111000111111000000000100000110010101000010110110101011011100110100100001110111111001111111100111111000001010000000000000000000000000000000000000001010000110000000000000000
~~~End~~~


~~~Begin~~~~
49,1,0,45,0,1,84,103,92,91,0,41,31,133,0,0,0,3,8,8,74,1,112,255,31,128,32,202,133,181,110,105,14,252,255,63,5,0,0,0,0,1,67,0,0,
001100010000000100000000001011010000000000000001010101000110011101011100010110110000000000101001000111111000010100000000000000000000000000000011000010000000100001001010000000010111000011111111000111111000000000100000110010101000010110110101011011100110100100001110111111001111111100111111000001010000000000000000000000000000000000000001010000110000000000000000
~~~End~~~


~~~Begin~~~~
49,1,0,45,0,1,84,103,96,91,0,41,31,134,0,0,0,3,8,8,74,1,112,255,31,128,32,202,133,181,110,105,14,252,255,63,5,0,0,0,0,1,67,0,0,
001100010000000100000000001011010000000000000001010101000110011101100000010110110000000000101001000111111000011000000000000000000000000000000011000010000000100001001010000000010111000011111111000111111000000000100000110010101000010110110101011011100110100100001110111111001111111100111111000001010000000000000000000000000000000000000001010000110000000000000000
~~~End~~~


~~~Begin~~~~
49,1,0,45,0,1,84,103,100,91,0,41,31,135,0,0,0,3,8,8,74,1,112,255,31,128,32,202,133,181,110,105,14,252,255,63,5,0,0,0,0,1,67,0,0,
001100010000000100000000001011010000000000000001010101000110011101100100010110110000000000101001000111111000011100000000000000000000000000000011000010000000100001001010000000010111000011111111000111111000000000100000110010101000010110110101011011100110100100001110111111001111111100111111000001010000000000000000000000000000000000000001010000110000000000000000
~~~End~~~


~~~Begin~~~~
49,1,0,45,0,1,84,103,104,91,0,41,31,136,0,0,0,3,8,8,74,1,112,255,31,128,32,202,133,181,110,105,14,252,255,63,5,0,0,0,0,1,67,0,0,
001100010000000100000000001011010000000000000001010101000110011101101000010110110000000000101001000111111000100000000000000000000000000000000011000010000000100001001010000000010111000011111111000111111000000000100000110010101000010110110101011011100110100100001110111111001111111100111111000001010000000000000000000000000000000000000001010000110000000000000000
~~~End~~~


~~~Begin~~~~
49,1,0,45,0,1,84,103,108,91,0,41,31,137,0,0,0,3,8,8,74,1,112,255,31,128,32,202,133,181,110,105,14,252,255,63,5,0,0,0,0,1,67,0,0,
001100010000000100000000001011010000000000000001010101000110011101101100010110110000000000101001000111111000100100000000000000000000000000000011000010000000100001001010000000010111000011111111000111111000000000100000110010101000010110110101011011100110100100001110111111001111111100111111000001010000000000000000000000000000000000000001010000110000000000000000
~~~End~~~


~~~Begin~~~~
49,1,0,45,0,1,84,103,112,91,0,41,31,138,0,0,0,3,8,8,74,1,112,255,31,128,32,202,133,181,110,105,14,252,255,63,5,0,0,0,0,1,67,0,0,
001100010000000100000000001011010000000000000001010101000110011101110000010110110000000000101001000111111000101000000000000000000000000000000011000010000000100001001010000000010111000011111111000111111000000000100000110010101000010110110101011011100110100100001110111111001111111100111111000001010000000000000000000000000000000000000001010000110000000000000000
~~~End~~~


~~~Begin~~~~
49,1,0,45,0,1,84,103,116,91,0,41,31,139,0,0,0,3,8,8,74,1,112,255,31,128,32,202,133,181,110,105,14,252,255,63,5,0,0,0,0,1,67,0,0,
001100010000000100000000001011010000000000000001010101000110011101110100010110110000000000101001000111111000101100000000000000000000000000000011000010000000100001001010000000010111000011111111000111111000000000100000110010101000010110110101011011100110100100001110111111001111111100111111000001010000000000000000000000000000000000000001010000110000000000000000
~~~End~~~


~~~Begin~~~~
49,1,0,45,0,1,84,103,120,91,0,41,31,140,0,0,0,3,8,8,74,1,112,255,31,128,32,202,133,181,110,105,14,252,255,63,5,0,0,0,0,1,67,0,0,
001100010000000100000000001011010000000000000001010101000110011101111000010110110000000000101001000111111000110000000000000000000000000000000011000010000000100001001010000000010111000011111111000111111000000000100000110010101000010110110101011011100110100100001110111111001111111100111111000001010000000000000000000000000000000000000001010000110000000000000000
~~~End~~~


~~~Begin~~~~
49,1,0,45,0,1,84,103,124,91,0,41,31,141,0,0,0,3,8,8,74,1,112,255,31,128,32,202,133,181,110,105,14,252,255,63,5,0,0,0,0,1,67,0,0,
001100010000000100000000001011010000000000000001010101000110011101111100010110110000000000101001000111111000110100000000000000000000000000000011000010000000100001001010000000010111000011111111000111111000000000100000110010101000010110110101011011100110100100001110111111001111111100111111000001010000000000000000000000000000000000000001010000110000000000000000
~~~End~~~


~~~Begin~~~~
49,1,0,45,0,1,84,103,128,91,0,41,31,142,0,0,0,3,8,8,74,1,112,255,31,128,32,202,133,181,110,105,14,252,255,63,5,0,0,0,0,1,67,0,0,
001100010000000100000000001011010000000000000001010101000110011110000000010110110000000000101001000111111000111000000000000000000000000000000011000010000000100001001010000000010111000011111111000111111000000000100000110010101000010110110101011011100110100100001110111111001111111100111111000001010000000000000000000000000000000000000001010000110000000000000000
~~~End~~~


~~~Begin~~~~
49,1,0,45,0,1,84,103,132,91,0,41,31,143,0,0,0,3,8,8,74,1,112,255,31,128,32,202,133,181,110,105,14,252,255,63,5,0,0,0,0,1,67,0,0,
001100010000000100000000001011010000000000000001010101000110011110000100010110110000000000101001000111111000111100000000000000000000000000000011000010000000100001001010000000010111000011111111000111111000000000100000110010101000010110110101011011100110100100001110111111001111111100111111000001010000000000000000000000000000000000000001010000110000000000000000
~~~End~~~


~~~Begin~~~~
48,1,0,38,0,1,4,103,135,251,2,0,0,28,1,30,2,95,0,0,0,0,0,0,140,143,84,103,135,251,0,0,0,0,0,0,0,0,
0011000000000001000000000010011000000000000000010000010001100111100001111111101100000010000000000000000000011100000000010001111000000010010111110000000000000000000000000000000000000000000000001000110010001111010101000110011110000111111110110000000000000000000000000000000000000000000000000000000000000000
~~~End~~~


~~~Begin~~~~
49,1,0,45,0,1,84,103,136,91,0,41,31,144,0,0,0,3,8,8,74,1,112,255,31,128,32,202,133,181,110,105,14,252,255,63,5,0,0,0,0,1,67,0,0,
001100010000000100000000001011010000000000000001010101000110011110001000010110110000000000101001000111111001000000000000000000000000000000000011000010000000100001001010000000010111000011111111000111111000000000100000110010101000010110110101011011100110100100001110111111001111111100111111000001010000000000000000000000000000000000000001010000110000000000000000
~~~End~~~


~~~Begin~~~~
49,1,0,45,0,1,84,103,140,91,0,41,31,145,0,0,0,3,8,8,74,1,112,255,31,128,32,202,133,181,110,105,14,252,255,63,5,0,0,0,0,1,67,0,0,
001100010000000100000000001011010000000000000001010101000110011110001100010110110000000000101001000111111001000100000000000000000000000000000011000010000000100001001010000000010111000011111111000111111000000000100000110010101000010110110101011011100110100100001110111111001111111100111111000001010000000000000000000000000000000000000001010000110000000000000000
~~~End~~~


~~~Begin~~~~
49,1,0,45,0,1,84,103,144,91,0,41,31,146,0,0,0,3,8,8,74,1,112,255,31,128,32,202,133,181,110,105,14,252,255,63,5,0,0,0,0,1,67,0,0,
001100010000000100000000001011010000000000000001010101000110011110010000010110110000000000101001000111111001001000000000000000000000000000000011000010000000100001001010000000010111000011111111000111111000000000100000110010101000010110110101011011100110100100001110111111001111111100111111000001010000000000000000000000000000000000000001010000110000000000000000
~~~End~~~


~~~Begin~~~~
49,1,0,45,0,1,84,103,148,91,0,41,31,147,0,0,0,3,8,8,74,1,112,255,31,128,32,202,133,181,110,105,14,252,255,63,5,0,0,0,0,1,67,0,0,
001100010000000100000000001011010000000000000001010101000110011110010100010110110000000000101001000111111001001100000000000000000000000000000011000010000000100001001010000000010111000011111111000111111000000000100000110010101000010110110101011011100110100100001110111111001111111100111111000001010000000000000000000000000000000000000001010000110000000000000000
~~~End~~~


~~~Begin~~~~
49,1,0,45,0,1,84,103,152,93,0,41,31,148,0,0,0,3,8,8,74,1,112,255,31,128,32,202,133,181,110,105,14,252,255,63,5,0,0,0,0,1,67,0,0,
001100010000000100000000001011010000000000000001010101000110011110011000010111010000000000101001000111111001010000000000000000000000000000000011000010000000100001001010000000010111000011111111000111111000000000100000110010101000010110110101011011100110100100001110111111001111111100111111000001010000000000000000000000000000000000000001010000110000000000000000
~~~End~~~


~~~Begin~~~~
49,1,0,45,0,1,84,103,156,93,0,41,31,149,0,0,0,3,8,8,74,1,112,255,31,128,32,202,133,181,110,105,14,252,255,63,5,0,0,0,0,1,67,0,0,
001100010000000100000000001011010000000000000001010101000110011110011100010111010000000000101001000111111001010100000000000000000000000000000011000010000000100001001010000000010111000011111111000111111000000000100000110010101000010110110101011011100110100100001110111111001111111100111111000001010000000000000000000000000000000000000001010000110000000000000000
~~~End~~~


~~~Begin~~~~
49,1,0,45,0,1,84,103,160,93,0,41,31,150,0,0,0,3,8,8,74,1,112,255,31,128,32,202,133,181,110,105,14,252,255,63,5,0,0,0,0,1,67,0,0,
001100010000000100000000001011010000000000000001010101000110011110100000010111010000000000101001000111111001011000000000000000000000000000000011000010000000100001001010000000010111000011111111000111111000000000100000110010101000010110110101011011100110100100001110111111001111111100111111000001010000000000000000000000000000000000000001010000110000000000000000
~~~End~~~


~~~Begin~~~~
49,1,0,45,0,1,84,103,164,93,0,41,31,151,0,0,0,3,8,8,74,1,112,255,31,128,32,202,133,181,110,105,14,252,255,63,5,0,0,0,0,1,67,0,0,
001100010000000100000000001011010000000000000001010101000110011110100100010111010000000000101001000111111001011100000000000000000000000000000011000010000000100001001010000000010111000011111111000111111000000000100000110010101000010110110101011011100110100100001110111111001111111100111111000001010000000000000000000000000000000000000001010000110000000000000000
~~~End~~~


~~~Begin~~~~
49,1,0,45,0,1,84,103,168,93,0,41,31,152,0,0,0,3,8,8,74,1,112,255,31,128,32,202,133,181,110,105,14,252,255,63,5,0,0,0,0,1,67,0,0,
001100010000000100000000001011010000000000000001010101000110011110101000010111010000000000101001000111111001100000000000000000000000000000000011000010000000100001001010000000010111000011111111000111111000000000100000110010101000010110110101011011100110100100001110111111001111111100111111000001010000000000000000000000000000000000000001010000110000000000000000
~~~End~~~


~~~Begin~~~~
49,1,0,45,0,1,84,103,172,93,0,41,31,153,0,0,0,3,8,8,74,1,112,255,31,128,32,202,133,181,110,105,14,252,255,63,5,0,0,0,0,1,67,0,0,
001100010000000100000000001011010000000000000001010101000110011110101100010111010000000000101001000111111001100100000000000000000000000000000011000010000000100001001010000000010111000011111111000111111000000000100000110010101000010110110101011011100110100100001110111111001111111100111111000001010000000000000000000000000000000000000001010000110000000000000000
~~~End~~~


~~~Begin~~~~
49,1,0,45,0,1,84,103,176,93,0,41,31,154,0,0,0,3,8,8,74,1,112,255,31,128,32,202,133,181,110,105,14,252,255,63,5,0,0,0,0,1,67,0,0,
001100010000000100000000001011010000000000000001010101000110011110110000010111010000000000101001000111111001101000000000000000000000000000000011000010000000100001001010000000010111000011111111000111111000000000100000110010101000010110110101011011100110100100001110111111001111111100111111000001010000000000000000000000000000000000000001010000110000000000000000
~~~End~~~


~~~Begin~~~~
49,1,0,45,0,1,84,103,180,93,0,41,31,155,0,0,0,3,8,8,74,1,112,255,31,128,32,202,133,181,110,105,14,252,255,63,5,0,0,0,0,1,67,0,0,
001100010000000100000000001011010000000000000001010101000110011110110100010111010000000000101001000111111001101100000000000000000000000000000011000010000000100001001010000000010111000011111111000111111000000000100000110010101000010110110101011011100110100100001110111111001111111100111111000001010000000000000000000000000000000000000001010000110000000000000000
~~~End~~~


~~~Begin~~~~
49,1,0,45,0,1,84,103,184,93,0,41,31,156,0,0,0,3,8,8,74,1,112,255,31,128,32,202,133,181,110,105,14,252,255,63,5,0,0,0,0,1,67,0,0,
001100010000000100000000001011010000000000000001010101000110011110111000010111010000000000101001000111111001110000000000000000000000000000000011000010000000100001001010000000010111000011111111000111111000000000100000110010101000010110110101011011100110100100001110111111001111111100111111000001010000000000000000000000000000000000000001010000110000000000000000
~~~End~~~


~~~Begin~~~~
49,1,0,45,0,1,84,103,188,93,0,41,31,157,0,0,0,3,8,8,74,1,112,255,31,128,32,202,133,181,110,105,14,252,255,63,5,0,0,0,0,1,67,0,0,
001100010000000100000000001011010000000000000001010101000110011110111100010111010000000000101001000111111001110100000000000000000000000000000011000010000000100001001010000000010111000011111111000111111000000000100000110010101000010110110101011011100110100100001110111111001111111100111111000001010000000000000000000000000000000000000001010000110000000000000000
~~~End~~~


~~~Begin~~~~
49,1,0,45,0,1,84,103,192,93,0,41,31,158,0,0,0,3,8,8,74,1,112,255,31,128,32,202,133,181,110,105,14,252,255,63,5,0,0,0,0,1,67,0,0,
001100010000000100000000001011010000000000000001010101000110011111000000010111010000000000101001000111111001111000000000000000000000000000000011000010000000100001001010000000010111000011111111000111111000000000100000110010101000010110110101011011100110100100001110111111001111111100111111000001010000000000000000000000000000000000000001010000110000000000000000
~~~End~~~


~~~Begin~~~~
49,1,0,45,0,1,84,103,196,93,0,41,31,159,0,0,0,3,8,8,74,1,112,255,31,128,32,202,133,181,110,105,14,252,255,63,5,0,0,0,0,1,67,0,0,
001100010000000100000000001011010000000000000001010101000110011111000100010111010000000000101001000111111001111100000000000000000000000000000011000010000000100001001010000000010111000011111111000111111000000000100000110010101000010110110101011011100110100100001110111111001111111100111111000001010000000000000000000000000000000000000001010000110000000000000000
~~~End~~~


~~~Begin~~~~
49,1,0,45,0,1,84,103,200,93,0,41,31,160,0,0,0,3,8,8,74,1,112,255,31,128,32,202,133,181,110,105,14,252,255,63,5,0,0,0,0,1,67,0,0,
001100010000000100000000001011010000000000000001010101000110011111001000010111010000000000101001000111111010000000000000000000000000000000000011000010000000100001001010000000010111000011111111000111111000000000100000110010101000010110110101011011100110100100001110111111001111111100111111000001010000000000000000000000000000000000000001010000110000000000000000
~~~End~~~


~~~Begin~~~~
49,1,0,45,0,1,84,103,204,93,0,41,31,161,0,0,0,3,8,8,74,1,112,255,31,128,32,202,133,181,110,105,14,252,255,63,5,0,0,0,0,1,67,0,0,
001100010000000100000000001011010000000000000001010101000110011111001100010111010000000000101001000111111010000100000000000000000000000000000011000010000000100001001010000000010111000011111111000111111000000000100000110010101000010110110101011011100110100100001110111111001111111100111111000001010000000000000000000000000000000000000001010000110000000000000000
~~~End~~~


~~~Begin~~~~
49,1,0,45,0,1,84,103,208,95,0,41,31,162,0,0,0,3,8,8,74,1,112,255,31,128,32,202,133,181,110,105,14,252,255,63,5,0,0,0,0,1,67,0,0,
001100010000000100000000001011010000000000000001010101000110011111010000010111110000000000101001000111111010001000000000000000000000000000000011000010000000100001001010000000010111000011111111000111111000000000100000110010101000010110110101011011100110100100001110111111001111111100111111000001010000000000000000000000000000000000000001010000110000000000000000
~~~End~~~


~~~Begin~~~~
49,1,0,45,0,1,84,103,212,95,0,41,31,163,0,0,0,3,8,8,74,1,112,255,31,128,32,202,133,181,110,105,14,252,255,63,5,0,0,0,0,1,67,0,0,
001100010000000100000000001011010000000000000001010101000110011111010100010111110000000000101001000111111010001100000000000000000000000000000011000010000000100001001010000000010111000011111111000111111000000000100000110010101000010110110101011011100110100100001110111111001111111100111111000001010000000000000000000000000000000000000001010000110000000000000000
~~~End~~~


~~~Begin~~~~
48,1,0,38,0,1,4,103,215,238,2,0,0,28,1,30,2,96,0,0,0,0,0,0,140,143,84,103,215,238,0,0,0,0,0,0,0,0,
0011000000000001000000000010011000000000000000010000010001100111110101111110111000000010000000000000000000011100000000010001111000000010011000000000000000000000000000000000000000000000000000001000110010001111010101000110011111010111111011100000000000000000000000000000000000000000000000000000000000000000
~~~End~~~


~~~Begin~~~~
49,1,0,45,0,1,84,103,216,95,0,41,31,164,0,0,0,3,8,8,74,1,112,255,31,128,32,202,133,181,110,105,14,252,255,63,5,0,0,0,0,1,67,0,0,
001100010000000100000000001011010000000000000001010101000110011111011000010111110000000000101001000111111010010000000000000000000000000000000011000010000000100001001010000000010111000011111111000111111000000000100000110010101000010110110101011011100110100100001110111111001111111100111111000001010000000000000000000000000000000000000001010000110000000000000000
~~~End~~~


~~~Begin~~~~
49,1,0,45,0,1,84,103,220,95,0,41,31,165,0,0,0,3,8,8,74,1,112,255,31,128,32,202,133,181,110,105,14,252,255,63,5,0,0,0,0,1,67,0,0,
001100010000000100000000001011010000000000000001010101000110011111011100010111110000000000101001000111111010010100000000000000000000000000000011000010000000100001001010000000010111000011111111000111111000000000100000110010101000010110110101011011100110100100001110111111001111111100111111000001010000000000000000000000000000000000000001010000110000000000000000
~~~End~~~


~~~Begin~~~~
49,1,0,45,0,1,84,103,224,95,0,41,31,166,0,0,0,3,8,8,74,1,112,255,31,128,32,202,133,181,110,105,14,252,255,63,5,0,0,0,0,1,67,0,0,
001100010000000100000000001011010000000000000001010101000110011111100000010111110000000000101001000111111010011000000000000000000000000000000011000010000000100001001010000000010111000011111111000111111000000000100000110010101000010110110101011011100110100100001110111111001111111100111111000001010000000000000000000000000000000000000001010000110000000000000000
~~~End~~~


~~~Begin~~~~
49,1,0,45,0,1,84,103,228,95,0,41,31,167,0,0,0,3,8,8,74,1,112,255,31,128,32,202,133,181,110,105,14,252,255,63,5,0,0,0,0,1,67,0,0,
001100010000000100000000001011010000000000000001010101000110011111100100010111110000000000101001000111111010011100000000000000000000000000000011000010000000100001001010000000010111000011111111000111111000000000100000110010101000010110110101011011100110100100001110111111001111111100111111000001010000000000000000000000000000000000000001010000110000000000000000
~~~End~~~


~~~Begin~~~~
49,1,0,45,0,1,84,103,232,95,0,41,31,168,0,0,0,3,8,8,74,1,112,255,31,128,32,202,133,181,110,105,14,252,255,63,5,0,0,0,0,1,67,0,0,
001100010000000100000000001011010000000000000001010101000110011111101000010111110000000000101001000111111010100000000000000000000000000000000011000010000000100001001010000000010111000011111111000111111000000000100000110010101000010110110101011011100110100100001110111111001111111100111111000001010000000000000000000000000000000000000001010000110000000000000000
~~~End~~~


~~~Begin~~~~
49,1,0,45,0,1,84,103,236,95,0,41,31,169,0,0,0,3,8,8,74,1,112,255,31,128,32,202,133,181,110,105,14,252,255,63,5,0,0,0,0,1,67,0,0,
001100010000000100000000001011010000000000000001010101000110011111101100010111110000000000101001000111111010100100000000000000000000000000000011000010000000100001001010000000010111000011111111000111111000000000100000110010101000010110110101011011100110100100001110111111001111111100111111000001010000000000000000000000000000000000000001010000110000000000000000
~~~End~~~


~~~Begin~~~~
49,1,0,45,0,1,84,103,240,95,0,41,31,170,0,0,0,3,8,8,74,1,112,255,31,128,32,202,133,181,110,105,14,252,255,63,5,0,0,0,0,1,67,0,0,
001100010000000100000000001011010000000000000001010101000110011111110000010111110000000000101001000111111010101000000000000000000000000000000011000010000000100001001010000000010111000011111111000111111000000000100000110010101000010110110101011011100110100100001110111111001111111100111111000001010000000000000000000000000000000000000001010000110000000000000000
~~~End~~~


~~~Begin~~~~
49,1,0,45,0,1,84,103,244,95,0,41,31,171,0,0,0,3,8,8,74,1,112,255,31,128,32,202,133,181,110,105,14,252,255,63,5,0,0,0,0,1,67,0,0,
001100010000000100000000001011010000000000000001010101000110011111110100010111110000000000101001000111111010101100000000000000000000000000000011000010000000100001001010000000010111000011111111000111111000000000100000110010101000010110110101011011100110100100001110111111001111111100111111000001010000000000000000000000000000000000000001010000110000000000000000
~~~End~~~


~~~Begin~~~~
49,1,0,45,0,1,84,103,248,95,0,41,31,172,0,0,0,3,8,8,74,1,112,255,31,128,32,202,133,181,110,105,14,252,255,63,5,0,0,0,0,1,67,0,0,
001100010000000100000000001011010000000000000001010101000110011111111000010111110000000000101001000111111010110000000000000000000000000000000011000010000000100001001010000000010111000011111111000111111000000000100000110010101000010110110101011011100110100100001110111111001111111100111111000001010000000000000000000000000000000000000001010000110000000000000000
~~~End~~~


~~~Begin~~~~
49,1,0,45,0,1,84,103,252,95,0,41,31,173,0,0,0,3,8,8,74,1,112,255,31,128,32,202,133,181,110,105,14,252,255,63,5,0,0,0,0,1,67,0,0,
001100010000000100000000001011010000000000000001010101000110011111111100010111110000000000101001000111111010110100000000000000000000000000000011000010000000100001001010000000010111000011111111000111111000000000100000110010101000010110110101011011100110100100001110111111001111111100111111000001010000000000000000000000000000000000000001010000110000000000000000
~~~End~~~


~~~Begin~~~~
49,1,0,45,0,1,84,104,0,95,0,41,31,174,0,0,0,3,8,8,74,1,112,255,31,128,32,202,133,181,110,105,14,252,255,63,5,0,0,0,0,1,67,0,0,
001100010000000100000000001011010000000000000001010101000110100000000000010111110000000000101001000111111010111000000000000000000000000000000011000010000000100001001010000000010111000011111111000111111000000000100000110010101000010110110101011011100110100100001110111111001111111100111111000001010000000000000000000000000000000000000001010000110000000000000000
~~~End~~~


~~~Begin~~~~
49,1,0,45,0,1,84,104,4,95,0,41,31,175,0,0,0,3,8,8,74,1,112,255,31,128,32,202,133,181,110,105,14,252,255,63,5,0,0,0,0,1,67,0,0,
001100010000000100000000001011010000000000000001010101000110100000000100010111110000000000101001000111111010111100000000000000000000000000000011000010000000100001001010000000010111000011111111000111111000000000100000110010101000010110110101011011100110100100001110111111001111111100111111000001010000000000000000000000000000000000000001010000110000000000000000
~~~End~~~


~~~Begin~~~~
49,1,0,45,0,1,84,104,8,95,0,41,31,176,0,0,0,3,8,8,74,1,112,255,31,128,32,202,133,181,110,105,14,252,255,63,5,0,0,0,0,1,67,0,0,
001100010000000100000000001011010000000000000001010101000110100000001000010111110000000000101001000111111011000000000000000000000000000000000011000010000000100001001010000000010111000011111111000111111000000000100000110010101000010110110101011011100110100100001110111111001111111100111111000001010000000000000000000000000000000000000001010000110000000000000000
~~~End~~~


~~~Begin~~~~
49,1,0,45,0,1,84,104,12,95,0,41,31,177,0,0,0,3,8,8,74,1,112,255,31,128,32,202,133,181,110,105,14,252,255,63,5,0,0,0,0,1,67,0,0,
001100010000000100000000001011010000000000000001010101000110100000001100010111110000000000101001000111111011000100000000000000000000000000000011000010000000100001001010000000010111000011111111000111111000000000100000110010101000010110110101011011100110100100001110111111001111111100111111000001010000000000000000000000000000000000000001010000110000000000000000
~~~End~~~


~~~Begin~~~~
49,1,0,45,0,1,84,104,16,96,0,41,31,178,0,0,0,3,8,8,74,1,112,255,31,128,32,202,133,181,110,105,14,252,255,63,5,0,0,0,0,1,67,0,0,
001100010000000100000000001011010000000000000001010101000110100000010000011000000000000000101001000111111011001000000000000000000000000000000011000010000000100001001010000000010111000011111111000111111000000000100000110010101000010110110101011011100110100100001110111111001111111100111111000001010000000000000000000000000000000000000001010000110000000000000000
~~~End~~~


~~~Begin~~~~
49,1,0,45,0,1,84,104,20,96,0,41,31,179,0,0,0,3,8,8,74,1,112,255,31,128,32,202,133,181,110,105,14,252,255,63,5,0,0,0,0,1,67,0,0,
001100010000000100000000001011010000000000000001010101000110100000010100011000000000000000101001000111111011001100000000000000000000000000000011000010000000100001001010000000010111000011111111000111111000000000100000110010101000010110110101011011100110100100001110111111001111111100111111000001010000000000000000000000000000000000000001010000110000000000000000
~~~End~~~


~~~Begin~~~~
49,1,0,45,0,1,84,104,24,96,0,41,31,180,0,0,0,3,8,8,74,1,112,255,31,128,32,202,133,181,110,105,14,252,255,63,5,0,0,0,0,1,67,0,0,
001100010000000100000000001011010000000000000001010101000110100000011000011000000000000000101001000111111011010000000000000000000000000000000011000010000000100001001010000000010111000011111111000111111000000000100000110010101000010110110101011011100110100100001110111111001111111100111111000001010000000000000000000000000000000000000001010000110000000000000000
~~~End~~~